30621866
30068241
30412893
30017992
30080988
30024839
26499153
26639240
26774155
26925791
27389556
26449525
26639231
27159019
26774144
28588231
26278388
26454209
26499143
26499152
26616814
28588210
28588270
27158766
28005299
28029034
28594000
29687582
30121041
30002372
28079958
28590721
28590728
28611362
28965682
25881691
26454207
26639236
26676538
23566289
26435084
26459048
26499151
26506125
30334700
30139310
30124384
30010491
29190205
28606865
29210643
30382274
30235719
30001502
29936200
29699594
29473709
29077529
29452802
30572096
30552979
30528268
30529248
30521888
30503395
30503393
30415005
30471602
30562548
30536466
30468908
30458287
30458286
30683372
30583435
30583411
30580162
30880703
30599235
30597234
30597233
30576808
30593917
30543962
30621871
30658760
30658742
30683827
30683396
30682765
30658758
30658754
30642511
30642509
30893392
30611516
30611515
30683831
30611507
30613015
30611468
30857630
30594254
30594026
30591638
30658746
30686450
30691637
30685586
30683409
30704719
30711101
30712583
30712551
30710774
30712592
30704714
30693063
30712585
30453065
30824055
30765057
30744895
30744888
30744820
30725063
28691448
26634950
30782365
30782363
30782361
30848745
30841783
30824057
30824056
30824054
30806240
30783609
30765058
30765056
30765055
30759552
30744893
30744816
30743879
30736907
30736902
30735108
30744899
30744898
30683822
30683818
30782376
30765059
30759554
30744896
30744889
30744819
30736903
30724260
30712596
30910085
30857102
30857097
30743956
30724222
30824020
30782374
30797458
30743888
30743866
30743858
30857108
30857098
30841381
30857089
30857087
30857079
30824031
30784465
30784468
30784464
30784458
30784453
30784452
30784451
30784450
30784447
30784446
30784437
30782366
30759623
30759618
30759600
30759596
30759598
30759593
30759589
30743847
31011396